newCode4096 run0 4096 100000000 10 0.003 0.01 0.84
newCode4096 run1 4096 100000000 10 0.01 0.01 0.84
newCode4096 run2 4096 100000000 10 0.03 0.01 0.84
newCode4096 run3 4096 100000000 10 0.1 0.01 0.84
newCode4096 run4 4096 100000000 10 0.3 0.01 0.84
newCode4096 run5 4096 100000000 10 0.003 0.1 0.84
newCode4096 run6 4096 100000000 10 0.01 0.1 0.84
newCode4096 run7 4096 100000000 10 0.03 0.1 0.84
newCode4096 run8 4096 100000000 10 0.1 0.1 0.84
newCode4096 run9 4096 100000000 10 0.3 0.1 0.84
newCode4096 run10 4096 100000000 10 0.003 0.3 0.84
newCode4096 run11 4096 100000000 10 0.01 0.3 0.84
newCode4096 run12 4096 100000000 10 0.03 0.3 0.84
newCode4096 run13 4096 100000000 10 0.1 0.3 0.84
newCode4096 run14 4096 100000000 10 0.3 0.3 0.84
newCode4096 run15 4096 100000000 10 0.003 0.4 0.84
newCode4096 run16 4096 100000000 10 0.01 0.4 0.84
newCode4096 run17 4096 100000000 10 0.03 0.4 0.84
newCode4096 run18 4096 100000000 10 0.1 0.4 0.84
newCode4096 run19 4096 100000000 10 0.3 0.4 0.84
newCode4096 run20 4096 100000000 10 0.003 0.5 0.84
newCode4096 run21 4096 100000000 10 0.01 0.5 0.84
newCode4096 run22 4096 100000000 10 0.03 0.5 0.84
newCode4096 run23 4096 100000000 10 0.1 0.5 0.84
newCode4096 run24 4096 100000000 10 0.3 0.5 0.84
newCode4096 run25 4096 100000000 10 0.003 0.6 0.84
newCode4096 run26 4096 100000000 10 0.01 0.6 0.84
newCode4096 run27 4096 100000000 10 0.03 0.6 0.84
newCode4096 run28 4096 100000000 10 0.1 0.6 0.84
newCode4096 run29 4096 100000000 10 0.3 0.6 0.84
newCode4096 run30 4096 100000000 10 0.003 0.7 0.84
newCode4096 run31 4096 100000000 10 0.01 0.7 0.84
newCode4096 run32 4096 100000000 10 0.03 0.7 0.84
newCode4096 run33 4096 100000000 10 0.1 0.7 0.84
newCode4096 run34 4096 100000000 10 0.3 0.7 0.84
newCode4096 run35 4096 100000000 10 0.003 1.0 0.84
newCode4096 run36 4096 100000000 10 0.01 1.0 0.84
newCode4096 run37 4096 100000000 10 0.03 1.0 0.84
newCode4096 run38 4096 100000000 10 0.1 1.0 0.84
newCode4096 run39 4096 100000000 10 0.3 1.0 0.84
newCode4096 run40 4096 100000000 10 0.003 0.01 0.845
newCode4096 run41 4096 100000000 10 0.01 0.01 0.845
newCode4096 run42 4096 100000000 10 0.03 0.01 0.845
newCode4096 run43 4096 100000000 10 0.1 0.01 0.845
newCode4096 run44 4096 100000000 10 0.3 0.01 0.845
newCode4096 run45 4096 100000000 10 0.003 0.1 0.845
newCode4096 run46 4096 100000000 10 0.01 0.1 0.845
newCode4096 run47 4096 100000000 10 0.03 0.1 0.845
newCode4096 run48 4096 100000000 10 0.1 0.1 0.845
newCode4096 run49 4096 100000000 10 0.3 0.1 0.845
newCode4096 run50 4096 100000000 10 0.003 0.3 0.845
newCode4096 run51 4096 100000000 10 0.01 0.3 0.845
newCode4096 run52 4096 100000000 10 0.03 0.3 0.845
newCode4096 run53 4096 100000000 10 0.1 0.3 0.845
newCode4096 run54 4096 100000000 10 0.3 0.3 0.845
newCode4096 run55 4096 100000000 10 0.003 0.4 0.845
newCode4096 run56 4096 100000000 10 0.01 0.4 0.845
newCode4096 run57 4096 100000000 10 0.03 0.4 0.845
newCode4096 run58 4096 100000000 10 0.1 0.4 0.845
newCode4096 run59 4096 100000000 10 0.3 0.4 0.845
newCode4096 run60 4096 100000000 10 0.003 0.5 0.845
newCode4096 run61 4096 100000000 10 0.01 0.5 0.845
newCode4096 run62 4096 100000000 10 0.03 0.5 0.845
newCode4096 run63 4096 100000000 10 0.1 0.5 0.845
newCode4096 run64 4096 100000000 10 0.3 0.5 0.845
newCode4096 run65 4096 100000000 10 0.003 0.6 0.845
newCode4096 run66 4096 100000000 10 0.01 0.6 0.845
newCode4096 run67 4096 100000000 10 0.03 0.6 0.845
newCode4096 run68 4096 100000000 10 0.1 0.6 0.845
newCode4096 run69 4096 100000000 10 0.3 0.6 0.845
newCode4096 run70 4096 100000000 10 0.003 0.7 0.845
newCode4096 run71 4096 100000000 10 0.01 0.7 0.845
newCode4096 run72 4096 100000000 10 0.03 0.7 0.845
newCode4096 run73 4096 100000000 10 0.1 0.7 0.845
newCode4096 run74 4096 100000000 10 0.3 0.7 0.845
newCode4096 run75 4096 100000000 10 0.003 1.0 0.845
newCode4096 run76 4096 100000000 10 0.01 1.0 0.845
newCode4096 run77 4096 100000000 10 0.03 1.0 0.845
newCode4096 run78 4096 100000000 10 0.1 1.0 0.845
newCode4096 run79 4096 100000000 10 0.3 1.0 0.845
newCode4096 run80 4096 100000000 10 0.003 0.01 0.86
newCode4096 run81 4096 100000000 10 0.01 0.01 0.86
newCode4096 run82 4096 100000000 10 0.03 0.01 0.86
newCode4096 run83 4096 100000000 10 0.1 0.01 0.86
newCode4096 run84 4096 100000000 10 0.3 0.01 0.86
newCode4096 run85 4096 100000000 10 0.003 0.1 0.86
newCode4096 run86 4096 100000000 10 0.01 0.1 0.86
newCode4096 run87 4096 100000000 10 0.03 0.1 0.86
newCode4096 run88 4096 100000000 10 0.1 0.1 0.86
newCode4096 run89 4096 100000000 10 0.3 0.1 0.86
newCode4096 run90 4096 100000000 10 0.003 0.3 0.86
newCode4096 run91 4096 100000000 10 0.01 0.3 0.86
newCode4096 run92 4096 100000000 10 0.03 0.3 0.86
newCode4096 run93 4096 100000000 10 0.1 0.3 0.86
newCode4096 run94 4096 100000000 10 0.3 0.3 0.86
newCode4096 run95 4096 100000000 10 0.003 0.4 0.86
newCode4096 run96 4096 100000000 10 0.01 0.4 0.86
newCode4096 run97 4096 100000000 10 0.03 0.4 0.86
newCode4096 run98 4096 100000000 10 0.1 0.4 0.86
newCode4096 run99 4096 100000000 10 0.3 0.4 0.86
newCode4096 run100 4096 100000000 10 0.003 0.5 0.86
newCode4096 run101 4096 100000000 10 0.01 0.5 0.86
newCode4096 run102 4096 100000000 10 0.03 0.5 0.86
newCode4096 run103 4096 100000000 10 0.1 0.5 0.86
newCode4096 run104 4096 100000000 10 0.3 0.5 0.86
newCode4096 run105 4096 100000000 10 0.003 0.6 0.86
newCode4096 run106 4096 100000000 10 0.01 0.6 0.86
newCode4096 run107 4096 100000000 10 0.03 0.6 0.86
newCode4096 run108 4096 100000000 10 0.1 0.6 0.86
newCode4096 run109 4096 100000000 10 0.3 0.6 0.86
newCode4096 run110 4096 100000000 10 0.003 0.7 0.86
newCode4096 run111 4096 100000000 10 0.01 0.7 0.86
newCode4096 run112 4096 100000000 10 0.03 0.7 0.86
newCode4096 run113 4096 100000000 10 0.1 0.7 0.86
newCode4096 run114 4096 100000000 10 0.3 0.7 0.86
newCode4096 run115 4096 100000000 10 0.003 1.0 0.86
newCode4096 run116 4096 100000000 10 0.01 1.0 0.86
newCode4096 run117 4096 100000000 10 0.03 1.0 0.86
newCode4096 run118 4096 100000000 10 0.1 1.0 0.86
newCode4096 run119 4096 100000000 10 0.3 1.0 0.86
newCode4096 run120 4096 100000000 10 0.003 0.01 0.9
newCode4096 run121 4096 100000000 10 0.01 0.01 0.9
newCode4096 run122 4096 100000000 10 0.03 0.01 0.9
newCode4096 run123 4096 100000000 10 0.1 0.01 0.9
newCode4096 run124 4096 100000000 10 0.3 0.01 0.9
newCode4096 run125 4096 100000000 10 0.003 0.1 0.9
newCode4096 run126 4096 100000000 10 0.01 0.1 0.9
newCode4096 run127 4096 100000000 10 0.03 0.1 0.9
newCode4096 run128 4096 100000000 10 0.1 0.1 0.9
newCode4096 run129 4096 100000000 10 0.3 0.1 0.9
newCode4096 run130 4096 100000000 10 0.003 0.3 0.9
newCode4096 run131 4096 100000000 10 0.01 0.3 0.9
newCode4096 run132 4096 100000000 10 0.03 0.3 0.9
newCode4096 run133 4096 100000000 10 0.1 0.3 0.9
newCode4096 run134 4096 100000000 10 0.3 0.3 0.9
newCode4096 run135 4096 100000000 10 0.003 0.4 0.9
newCode4096 run136 4096 100000000 10 0.01 0.4 0.9
newCode4096 run137 4096 100000000 10 0.03 0.4 0.9
newCode4096 run138 4096 100000000 10 0.1 0.4 0.9
newCode4096 run139 4096 100000000 10 0.3 0.4 0.9
newCode4096 run140 4096 100000000 10 0.003 0.5 0.9
newCode4096 run141 4096 100000000 10 0.01 0.5 0.9
newCode4096 run142 4096 100000000 10 0.03 0.5 0.9
newCode4096 run143 4096 100000000 10 0.1 0.5 0.9
newCode4096 run144 4096 100000000 10 0.3 0.5 0.9
newCode4096 run145 4096 100000000 10 0.003 0.6 0.9
newCode4096 run146 4096 100000000 10 0.01 0.6 0.9
newCode4096 run147 4096 100000000 10 0.03 0.6 0.9
newCode4096 run148 4096 100000000 10 0.1 0.6 0.9
newCode4096 run149 4096 100000000 10 0.3 0.6 0.9
newCode4096 run150 4096 100000000 10 0.003 0.7 0.9
newCode4096 run151 4096 100000000 10 0.01 0.7 0.9
newCode4096 run152 4096 100000000 10 0.03 0.7 0.9
newCode4096 run153 4096 100000000 10 0.1 0.7 0.9
newCode4096 run154 4096 100000000 10 0.3 0.7 0.9
newCode4096 run155 4096 100000000 10 0.003 1.0 0.9
newCode4096 run156 4096 100000000 10 0.01 1.0 0.9
newCode4096 run157 4096 100000000 10 0.03 1.0 0.9
newCode4096 run158 4096 100000000 10 0.1 1.0 0.9
newCode4096 run159 4096 100000000 10 0.3 1.0 0.9
