100000TriplePoint1ZoomOut run1 100000 1100000 0.010 0.450 1.0
100000TriplePoint1ZoomOut run2 100000 1100000 0.015 0.450 1.0
100000TriplePoint1ZoomOut run3 100000 1100000 0.020 0.450 1.0
100000TriplePoint1ZoomOut run4 100000 1100000 0.025 0.450 1.0
100000TriplePoint1ZoomOut run5 100000 1100000 0.030 0.450 1.0
100000TriplePoint1ZoomOut run6 100000 1100000 0.035 0.450 1.0
100000TriplePoint1ZoomOut run7 100000 1100000 0.040 0.450 1.0
100000TriplePoint1ZoomOut run8 100000 1100000 0.045 0.450 1.0
100000TriplePoint1ZoomOut run9 100000 1100000 0.050 0.450 1.0
100000TriplePoint1ZoomOut run10 100000 1100000 0.055 0.450 1.0
100000TriplePoint1ZoomOut run11 100000 1100000 0.010 0.455 1.0
100000TriplePoint1ZoomOut run12 100000 1100000 0.015 0.455 1.0
100000TriplePoint1ZoomOut run13 100000 1100000 0.020 0.455 1.0
100000TriplePoint1ZoomOut run14 100000 1100000 0.025 0.455 1.0
100000TriplePoint1ZoomOut run15 100000 1100000 0.030 0.455 1.0
100000TriplePoint1ZoomOut run16 100000 1100000 0.035 0.455 1.0
100000TriplePoint1ZoomOut run17 100000 1100000 0.040 0.455 1.0
100000TriplePoint1ZoomOut run18 100000 1100000 0.045 0.455 1.0
100000TriplePoint1ZoomOut run19 100000 1100000 0.050 0.455 1.0
100000TriplePoint1ZoomOut run20 100000 1100000 0.055 0.455 1.0
100000TriplePoint1ZoomOut run21 100000 1100000 0.010 0.460 1.0
100000TriplePoint1ZoomOut run22 100000 1100000 0.015 0.460 1.0
100000TriplePoint1ZoomOut run23 100000 1100000 0.020 0.460 1.0
100000TriplePoint1ZoomOut run24 100000 1100000 0.025 0.460 1.0
100000TriplePoint1ZoomOut run25 100000 1100000 0.030 0.460 1.0
100000TriplePoint1ZoomOut run26 100000 1100000 0.035 0.460 1.0
100000TriplePoint1ZoomOut run27 100000 1100000 0.040 0.460 1.0
100000TriplePoint1ZoomOut run28 100000 1100000 0.045 0.460 1.0
100000TriplePoint1ZoomOut run29 100000 1100000 0.050 0.460 1.0
100000TriplePoint1ZoomOut run30 100000 1100000 0.055 0.460 1.0
100000TriplePoint1ZoomOut run31 100000 1100000 0.010 0.465 1.0
100000TriplePoint1ZoomOut run32 100000 1100000 0.015 0.465 1.0
100000TriplePoint1ZoomOut run33 100000 1100000 0.020 0.465 1.0
100000TriplePoint1ZoomOut run34 100000 1100000 0.025 0.465 1.0
100000TriplePoint1ZoomOut run35 100000 1100000 0.030 0.465 1.0
100000TriplePoint1ZoomOut run36 100000 1100000 0.035 0.465 1.0
100000TriplePoint1ZoomOut run37 100000 1100000 0.040 0.465 1.0
100000TriplePoint1ZoomOut run38 100000 1100000 0.045 0.465 1.0
100000TriplePoint1ZoomOut run39 100000 1100000 0.050 0.465 1.0
100000TriplePoint1ZoomOut run40 100000 1100000 0.055 0.465 1.0
100000TriplePoint1ZoomOut run41 100000 1100000 0.010 0.470 1.0
100000TriplePoint1ZoomOut run42 100000 1100000 0.015 0.470 1.0
100000TriplePoint1ZoomOut run43 100000 1100000 0.020 0.470 1.0
100000TriplePoint1ZoomOut run44 100000 1100000 0.025 0.470 1.0
100000TriplePoint1ZoomOut run45 100000 1100000 0.030 0.470 1.0
100000TriplePoint1ZoomOut run46 100000 1100000 0.035 0.470 1.0
100000TriplePoint1ZoomOut run47 100000 1100000 0.040 0.470 1.0
100000TriplePoint1ZoomOut run48 100000 1100000 0.045 0.470 1.0
100000TriplePoint1ZoomOut run49 100000 1100000 0.050 0.470 1.0
100000TriplePoint1ZoomOut run50 100000 1100000 0.055 0.470 1.0
100000TriplePoint1ZoomOut run51 100000 1100000 0.010 0.475 1.0
100000TriplePoint1ZoomOut run52 100000 1100000 0.015 0.475 1.0
100000TriplePoint1ZoomOut run53 100000 1100000 0.020 0.475 1.0
100000TriplePoint1ZoomOut run54 100000 1100000 0.025 0.475 1.0
100000TriplePoint1ZoomOut run55 100000 1100000 0.030 0.475 1.0
100000TriplePoint1ZoomOut run56 100000 1100000 0.035 0.475 1.0
100000TriplePoint1ZoomOut run57 100000 1100000 0.040 0.475 1.0
100000TriplePoint1ZoomOut run58 100000 1100000 0.045 0.475 1.0
100000TriplePoint1ZoomOut run59 100000 1100000 0.050 0.475 1.0
100000TriplePoint1ZoomOut run60 100000 1100000 0.055 0.475 1.0
100000TriplePoint1ZoomOut run61 100000 1100000 0.010 0.480 1.0
100000TriplePoint1ZoomOut run62 100000 1100000 0.015 0.480 1.0
100000TriplePoint1ZoomOut run63 100000 1100000 0.020 0.480 1.0
100000TriplePoint1ZoomOut run64 100000 1100000 0.025 0.480 1.0
100000TriplePoint1ZoomOut run65 100000 1100000 0.030 0.480 1.0
100000TriplePoint1ZoomOut run66 100000 1100000 0.035 0.480 1.0
100000TriplePoint1ZoomOut run67 100000 1100000 0.040 0.480 1.0
100000TriplePoint1ZoomOut run68 100000 1100000 0.045 0.480 1.0
100000TriplePoint1ZoomOut run69 100000 1100000 0.050 0.480 1.0
100000TriplePoint1ZoomOut run70 100000 1100000 0.055 0.480 1.0
100000TriplePoint1ZoomOut run71 100000 1100000 0.010 0.485 1.0
100000TriplePoint1ZoomOut run72 100000 1100000 0.015 0.485 1.0
100000TriplePoint1ZoomOut run73 100000 1100000 0.020 0.485 1.0
100000TriplePoint1ZoomOut run74 100000 1100000 0.025 0.485 1.0
100000TriplePoint1ZoomOut run75 100000 1100000 0.030 0.485 1.0
100000TriplePoint1ZoomOut run76 100000 1100000 0.035 0.485 1.0
100000TriplePoint1ZoomOut run77 100000 1100000 0.040 0.485 1.0
100000TriplePoint1ZoomOut run78 100000 1100000 0.045 0.485 1.0
100000TriplePoint1ZoomOut run79 100000 1100000 0.050 0.485 1.0
100000TriplePoint1ZoomOut run80 100000 1100000 0.055 0.485 1.0
100000TriplePoint1ZoomOut run81 100000 1100000 0.010 0.490 1.0
100000TriplePoint1ZoomOut run82 100000 1100000 0.015 0.490 1.0
100000TriplePoint1ZoomOut run83 100000 1100000 0.020 0.490 1.0
100000TriplePoint1ZoomOut run84 100000 1100000 0.025 0.490 1.0
100000TriplePoint1ZoomOut run85 100000 1100000 0.030 0.490 1.0
100000TriplePoint1ZoomOut run86 100000 1100000 0.035 0.490 1.0
100000TriplePoint1ZoomOut run87 100000 1100000 0.040 0.490 1.0
100000TriplePoint1ZoomOut run88 100000 1100000 0.045 0.490 1.0
100000TriplePoint1ZoomOut run89 100000 1100000 0.050 0.490 1.0
100000TriplePoint1ZoomOut run90 100000 1100000 0.055 0.490 1.0
100000TriplePoint1ZoomOut run91 100000 1100000 0.010 0.495 1.0
100000TriplePoint1ZoomOut run92 100000 1100000 0.015 0.495 1.0
100000TriplePoint1ZoomOut run93 100000 1100000 0.020 0.495 1.0
100000TriplePoint1ZoomOut run94 100000 1100000 0.025 0.495 1.0
100000TriplePoint1ZoomOut run95 100000 1100000 0.030 0.495 1.0
100000TriplePoint1ZoomOut run96 100000 1100000 0.035 0.495 1.0
100000TriplePoint1ZoomOut run97 100000 1100000 0.040 0.495 1.0
100000TriplePoint1ZoomOut run98 100000 1100000 0.045 0.495 1.0
100000TriplePoint1ZoomOut run99 100000 1100000 0.050 0.495 1.0
100000TriplePoint1ZoomOut run100 100000 1100000 0.055 0.495 1.0
100000TriplePoint1ZoomOut run101 100000 1100000 0.010 0.500 1.0
100000TriplePoint1ZoomOut run102 100000 1100000 0.015 0.500 1.0
100000TriplePoint1ZoomOut run103 100000 1100000 0.020 0.500 1.0
100000TriplePoint1ZoomOut run104 100000 1100000 0.025 0.500 1.0
100000TriplePoint1ZoomOut run105 100000 1100000 0.030 0.500 1.0
100000TriplePoint1ZoomOut run106 100000 1100000 0.035 0.500 1.0
100000TriplePoint1ZoomOut run107 100000 1100000 0.040 0.500 1.0
100000TriplePoint1ZoomOut run108 100000 1100000 0.045 0.500 1.0
100000TriplePoint1ZoomOut run109 100000 1100000 0.050 0.500 1.0
100000TriplePoint1ZoomOut run110 100000 1100000 0.055 0.500 1.0
100000TriplePoint1ZoomOut run111 100000 1100000 0.010 0.505 1.0
100000TriplePoint1ZoomOut run112 100000 1100000 0.015 0.505 1.0
100000TriplePoint1ZoomOut run113 100000 1100000 0.020 0.505 1.0
100000TriplePoint1ZoomOut run114 100000 1100000 0.025 0.505 1.0
100000TriplePoint1ZoomOut run115 100000 1100000 0.030 0.505 1.0
100000TriplePoint1ZoomOut run116 100000 1100000 0.035 0.505 1.0
100000TriplePoint1ZoomOut run117 100000 1100000 0.040 0.505 1.0
100000TriplePoint1ZoomOut run118 100000 1100000 0.045 0.505 1.0
100000TriplePoint1ZoomOut run119 100000 1100000 0.050 0.505 1.0
100000TriplePoint1ZoomOut run120 100000 1100000 0.055 0.505 1.0
100000TriplePoint1ZoomOut run121 100000 1100000 0.010 0.510 1.0
100000TriplePoint1ZoomOut run122 100000 1100000 0.015 0.510 1.0
100000TriplePoint1ZoomOut run123 100000 1100000 0.020 0.510 1.0
100000TriplePoint1ZoomOut run124 100000 1100000 0.025 0.510 1.0
100000TriplePoint1ZoomOut run125 100000 1100000 0.030 0.510 1.0
100000TriplePoint1ZoomOut run126 100000 1100000 0.035 0.510 1.0
100000TriplePoint1ZoomOut run127 100000 1100000 0.040 0.510 1.0
100000TriplePoint1ZoomOut run128 100000 1100000 0.045 0.510 1.0
100000TriplePoint1ZoomOut run129 100000 1100000 0.050 0.510 1.0
100000TriplePoint1ZoomOut run130 100000 1100000 0.055 0.510 1.0
100000TriplePoint1ZoomOut run131 100000 1100000 0.010 0.515 1.0
100000TriplePoint1ZoomOut run132 100000 1100000 0.015 0.515 1.0
100000TriplePoint1ZoomOut run133 100000 1100000 0.020 0.515 1.0
100000TriplePoint1ZoomOut run134 100000 1100000 0.025 0.515 1.0
100000TriplePoint1ZoomOut run135 100000 1100000 0.030 0.515 1.0
100000TriplePoint1ZoomOut run136 100000 1100000 0.035 0.515 1.0
100000TriplePoint1ZoomOut run137 100000 1100000 0.040 0.515 1.0
100000TriplePoint1ZoomOut run138 100000 1100000 0.045 0.515 1.0
100000TriplePoint1ZoomOut run139 100000 1100000 0.050 0.515 1.0
100000TriplePoint1ZoomOut run140 100000 1100000 0.055 0.515 1.0
100000TriplePoint1ZoomOut run141 100000 1100000 0.010 0.520 1.0
100000TriplePoint1ZoomOut run142 100000 1100000 0.015 0.520 1.0
100000TriplePoint1ZoomOut run143 100000 1100000 0.020 0.520 1.0
100000TriplePoint1ZoomOut run144 100000 1100000 0.025 0.520 1.0
100000TriplePoint1ZoomOut run145 100000 1100000 0.030 0.520 1.0
100000TriplePoint1ZoomOut run146 100000 1100000 0.035 0.520 1.0
100000TriplePoint1ZoomOut run147 100000 1100000 0.040 0.520 1.0
100000TriplePoint1ZoomOut run148 100000 1100000 0.045 0.520 1.0
100000TriplePoint1ZoomOut run149 100000 1100000 0.050 0.520 1.0
100000TriplePoint1ZoomOut run150 100000 1100000 0.055 0.520 1.0
100000TriplePoint1ZoomOut run151 100000 1100000 0.010 0.525 1.0
100000TriplePoint1ZoomOut run152 100000 1100000 0.015 0.525 1.0
100000TriplePoint1ZoomOut run153 100000 1100000 0.020 0.525 1.0
100000TriplePoint1ZoomOut run154 100000 1100000 0.025 0.525 1.0
100000TriplePoint1ZoomOut run155 100000 1100000 0.030 0.525 1.0
100000TriplePoint1ZoomOut run156 100000 1100000 0.035 0.525 1.0
100000TriplePoint1ZoomOut run157 100000 1100000 0.040 0.525 1.0
100000TriplePoint1ZoomOut run158 100000 1100000 0.045 0.525 1.0
100000TriplePoint1ZoomOut run159 100000 1100000 0.050 0.525 1.0
100000TriplePoint1ZoomOut run160 100000 1100000 0.055 0.525 1.0
100000TriplePoint1ZoomOut run161 100000 1100000 0.010 0.530 1.0
100000TriplePoint1ZoomOut run162 100000 1100000 0.015 0.530 1.0
100000TriplePoint1ZoomOut run163 100000 1100000 0.020 0.530 1.0
100000TriplePoint1ZoomOut run164 100000 1100000 0.025 0.530 1.0
100000TriplePoint1ZoomOut run165 100000 1100000 0.030 0.530 1.0
100000TriplePoint1ZoomOut run166 100000 1100000 0.035 0.530 1.0
100000TriplePoint1ZoomOut run167 100000 1100000 0.040 0.530 1.0
100000TriplePoint1ZoomOut run168 100000 1100000 0.045 0.530 1.0
100000TriplePoint1ZoomOut run169 100000 1100000 0.050 0.530 1.0
100000TriplePoint1ZoomOut run170 100000 1100000 0.055 0.530 1.0
100000TriplePoint1ZoomOut run171 100000 1100000 0.010 0.535 1.0
100000TriplePoint1ZoomOut run172 100000 1100000 0.015 0.535 1.0
100000TriplePoint1ZoomOut run173 100000 1100000 0.020 0.535 1.0
100000TriplePoint1ZoomOut run174 100000 1100000 0.025 0.535 1.0
100000TriplePoint1ZoomOut run175 100000 1100000 0.030 0.535 1.0
100000TriplePoint1ZoomOut run176 100000 1100000 0.035 0.535 1.0
100000TriplePoint1ZoomOut run177 100000 1100000 0.040 0.535 1.0
100000TriplePoint1ZoomOut run178 100000 1100000 0.045 0.535 1.0
100000TriplePoint1ZoomOut run179 100000 1100000 0.050 0.535 1.0
100000TriplePoint1ZoomOut run180 100000 1100000 0.055 0.535 1.0
100000TriplePoint1ZoomOut run181 100000 1100000 0.010 0.540 1.0
100000TriplePoint1ZoomOut run182 100000 1100000 0.015 0.540 1.0
100000TriplePoint1ZoomOut run183 100000 1100000 0.020 0.540 1.0
100000TriplePoint1ZoomOut run184 100000 1100000 0.025 0.540 1.0
100000TriplePoint1ZoomOut run185 100000 1100000 0.030 0.540 1.0
100000TriplePoint1ZoomOut run186 100000 1100000 0.035 0.540 1.0
100000TriplePoint1ZoomOut run187 100000 1100000 0.040 0.540 1.0
100000TriplePoint1ZoomOut run188 100000 1100000 0.045 0.540 1.0
100000TriplePoint1ZoomOut run189 100000 1100000 0.050 0.540 1.0
100000TriplePoint1ZoomOut run190 100000 1100000 0.055 0.540 1.0
100000TriplePoint1ZoomOut run191 100000 1100000 0.010 0.545 1.0
100000TriplePoint1ZoomOut run192 100000 1100000 0.015 0.545 1.0
100000TriplePoint1ZoomOut run193 100000 1100000 0.020 0.545 1.0
100000TriplePoint1ZoomOut run194 100000 1100000 0.025 0.545 1.0
100000TriplePoint1ZoomOut run195 100000 1100000 0.030 0.545 1.0
100000TriplePoint1ZoomOut run196 100000 1100000 0.035 0.545 1.0
100000TriplePoint1ZoomOut run197 100000 1100000 0.040 0.545 1.0
100000TriplePoint1ZoomOut run198 100000 1100000 0.045 0.545 1.0
100000TriplePoint1ZoomOut run199 100000 1100000 0.050 0.545 1.0
100000TriplePoint1ZoomOut run200 100000 1100000 0.055 0.545 1.0
100000TriplePoint1ZoomOut run201 100000 1100000 0.010 0.550 1.0
100000TriplePoint1ZoomOut run202 100000 1100000 0.015 0.550 1.0
100000TriplePoint1ZoomOut run203 100000 1100000 0.020 0.550 1.0
100000TriplePoint1ZoomOut run204 100000 1100000 0.025 0.550 1.0
100000TriplePoint1ZoomOut run205 100000 1100000 0.030 0.550 1.0
100000TriplePoint1ZoomOut run206 100000 1100000 0.035 0.550 1.0
100000TriplePoint1ZoomOut run207 100000 1100000 0.040 0.550 1.0
100000TriplePoint1ZoomOut run208 100000 1100000 0.045 0.550 1.0
100000TriplePoint1ZoomOut run209 100000 1100000 0.050 0.550 1.0
100000TriplePoint1ZoomOut run210 100000 1100000 0.055 0.550 1.0
100000TriplePoint1ZoomOut run211 100000 1100000 0.010 0.555 1.0
100000TriplePoint1ZoomOut run212 100000 1100000 0.015 0.555 1.0
100000TriplePoint1ZoomOut run213 100000 1100000 0.020 0.555 1.0
100000TriplePoint1ZoomOut run214 100000 1100000 0.025 0.555 1.0
100000TriplePoint1ZoomOut run215 100000 1100000 0.030 0.555 1.0
100000TriplePoint1ZoomOut run216 100000 1100000 0.035 0.555 1.0
100000TriplePoint1ZoomOut run217 100000 1100000 0.040 0.555 1.0
100000TriplePoint1ZoomOut run218 100000 1100000 0.045 0.555 1.0
100000TriplePoint1ZoomOut run219 100000 1100000 0.050 0.555 1.0
100000TriplePoint1ZoomOut run220 100000 1100000 0.055 0.555 1.0
100000TriplePoint1ZoomOut run221 100000 1100000 0.010 0.560 1.0
100000TriplePoint1ZoomOut run222 100000 1100000 0.015 0.560 1.0
100000TriplePoint1ZoomOut run223 100000 1100000 0.020 0.560 1.0
100000TriplePoint1ZoomOut run224 100000 1100000 0.025 0.560 1.0
100000TriplePoint1ZoomOut run225 100000 1100000 0.030 0.560 1.0
100000TriplePoint1ZoomOut run226 100000 1100000 0.035 0.560 1.0
100000TriplePoint1ZoomOut run227 100000 1100000 0.040 0.560 1.0
100000TriplePoint1ZoomOut run228 100000 1100000 0.045 0.560 1.0
100000TriplePoint1ZoomOut run229 100000 1100000 0.050 0.560 1.0
100000TriplePoint1ZoomOut run230 100000 1100000 0.055 0.560 1.0
100000TriplePoint1ZoomOut run231 100000 1100000 0.010 0.565 1.0
100000TriplePoint1ZoomOut run232 100000 1100000 0.015 0.565 1.0
100000TriplePoint1ZoomOut run233 100000 1100000 0.020 0.565 1.0
100000TriplePoint1ZoomOut run234 100000 1100000 0.025 0.565 1.0
100000TriplePoint1ZoomOut run235 100000 1100000 0.030 0.565 1.0
100000TriplePoint1ZoomOut run236 100000 1100000 0.035 0.565 1.0
100000TriplePoint1ZoomOut run237 100000 1100000 0.040 0.565 1.0
100000TriplePoint1ZoomOut run238 100000 1100000 0.045 0.565 1.0
100000TriplePoint1ZoomOut run239 100000 1100000 0.050 0.565 1.0
100000TriplePoint1ZoomOut run240 100000 1100000 0.055 0.565 1.0
100000TriplePoint1ZoomOut run241 100000 1100000 0.010 0.570 1.0
100000TriplePoint1ZoomOut run242 100000 1100000 0.015 0.570 1.0
100000TriplePoint1ZoomOut run243 100000 1100000 0.020 0.570 1.0
100000TriplePoint1ZoomOut run244 100000 1100000 0.025 0.570 1.0
100000TriplePoint1ZoomOut run245 100000 1100000 0.030 0.570 1.0
100000TriplePoint1ZoomOut run246 100000 1100000 0.035 0.570 1.0
100000TriplePoint1ZoomOut run247 100000 1100000 0.040 0.570 1.0
100000TriplePoint1ZoomOut run248 100000 1100000 0.045 0.570 1.0
100000TriplePoint1ZoomOut run249 100000 1100000 0.050 0.570 1.0
100000TriplePoint1ZoomOut run250 100000 1100000 0.055 0.570 1.0
